      3.00       6.00       9.00      12.00      18.00      24.00      30.00      36.00      42.00      48.00      60.00      72.00      96.00     120.00     144.00     192.00     240.00     288.00     360.00     432.00     504.00     588.00 
     96.29      96.30      96.26      96.24      96.30      95.71      96.30      95.95      96.28      95.70      96.25      96.30      96.00      95.99      96.30      96.30      95.98      96.30      95.88      95.76      96.22      96.28 
         0          0        -19        -70         11         26          7         26          0 
  22965.00   23451.00   23565.00   24121.00   25926.00   27562.00   29156.00   31123.00   33135.00   34857.00   38258.00   41860.00   48956.00   56034.00   62904.00   76810.00   90897.00  105062.00  108936.00  145953.00  105920.00   92511.00 
  22751.00   23276.00   23489.00   24078.00   25876.00   27527.00   29145.00   31114.00   33132.00   34853.00   38255.00   41863.00   48961.00   56046.00   62921.00   76829.00   90904.00  105064.00  111032.00  146037.00  113268.00  104153.00 
  22538.00   23101.00   23413.00   24036.00   25826.00   27491.00   29133.00   31105.00   33129.00   34849.00   38253.00   41865.00   48965.00   56057.00   62939.00   76849.00   90910.00  105065.00  113129.00  146121.00  120616.00  115795.00 
  22324.00   22926.00   23337.00   23993.00   25776.00   27456.00   29122.00   31096.00   33126.00   34845.00   38250.00   41868.00   48970.00   56069.00   62956.00   76868.00   90917.00  105067.00  115225.00  146205.00  127964.00  127437.00 
  22111.00   22751.00   23261.00   23951.00   25726.00   27420.00   29110.00   31087.00   33123.00   34841.00   38248.00   41870.00   48974.00   56080.00   62974.00   76888.00   90923.00  105068.00  117322.00  146289.00  135312.00  139079.00 
  21897.00   22576.00   23185.00   23908.00   25676.00   27385.00   29099.00   31078.00   33120.00   34837.00   38245.00   41873.00   48979.00   56092.00   62991.00   76907.00   90930.00  105070.00  119418.00  146373.00  142660.00  150721.00 
  21684.00   22401.00   23109.00   23866.00   25626.00   27349.00   29087.00   31069.00   33117.00   34833.00   38243.00   41875.00   48983.00   56103.00   63009.00   76927.00   90936.00  105071.00  121515.00  146457.00  150008.00  162363.00 
  21359.00   22156.00   23033.00   23823.00   25576.00   27314.00   29076.00   31060.00   33114.00   34829.00   38240.00   41878.00   48988.00   56115.00   63026.00   76946.00   90943.00  105073.00  125164.00  146541.00  160362.00  177279.00 
  21257.00   22051.00   22946.00   23781.00   25528.00   27278.00   29064.00   31051.00   33111.00   34825.00   38238.00   41880.00   48992.00   56128.00   63044.00   76966.00   90949.00  105074.00  125708.00  146625.00  164704.00  185647.00 
  21178.00   21957.00   22881.00   23734.00   25476.00   27243.00   29053.00   31042.00   33108.00   34821.00   38235.00   41883.00   48997.00   56138.00   63063.00   76985.00   90956.00  105076.00  125841.00  146709.00  166354.00  189262.00 
  21117.00   21873.00   22814.00   23696.00   25431.00   27210.00   29044.00   31033.00   33105.00   34817.00   38233.00   41886.00   49000.00   56144.00   63079.00   77005.00   90965.00  105077.00  125888.00  146825.00  167037.00  190776.00 
  21075.00   21805.00   22739.00   23668.00   25393.00   27172.00   29030.00   31025.00   33102.00   34813.00   38231.00   41888.00   49003.00   56149.00   63091.00   77022.00   90974.00  105079.00  125909.00  146877.00  167415.00  191412.00 
  21022.00   21760.00   22673.00   23645.00   25357.00   27140.00   29014.00   31015.00   33099.00   34809.00   38228.00   41891.00   49005.00   56152.00   63100.00   77037.00   90984.00  105080.00  125922.00  146900.00  167621.00  191682.00 
  20949.00   21731.00   22624.00   23624.00   25328.00   27116.00   28999.00   31005.00   33097.00   34805.00   38225.00   41893.00   49008.00   56154.00   63108.00   77047.00   90994.00  105082.00  125932.00  146911.00  167684.00  191812.00 
  20884.00   21703.00   22595.00   23601.00   25305.00   27101.00   28986.00   30996.00   33094.00   34801.00   38223.00   41894.00   49010.00   56154.00   63114.00   77056.00   91003.00  105083.00  125934.00  146923.00  167717.00  191866.00 
  20827.00   21675.00   22579.00   23578.00   25288.00   27088.00   28974.00   30987.00   33091.00   34796.00   38222.00   41895.00   49011.00   56156.00   63118.00   77065.00   91015.00  105085.00  125934.00  146934.00  167741.00  191913.00 
  20791.00   21643.00   22560.00   23552.00   25275.00   27074.00   28965.00   30979.00   33088.00   34791.00   38220.00   41897.00   49011.00   56157.00   63123.00   77074.00   91026.00  105086.00  125936.00  146942.00  167758.00  191951.00 
  20771.00   21606.00   22536.00   23525.00   25263.00   27061.00   28956.00   30972.00   33084.00   34786.00   38218.00   41898.00   49011.00   56158.00   63126.00   77083.00   91037.00  105088.00  125938.00  146947.00  167784.00  191982.00 
  20749.00   21568.00   22515.00   23504.00   25252.00   27049.00   28950.00   30963.00   33080.00   34782.00   38216.00   41899.00   49011.00   56160.00   63131.00   77091.00   91048.00  105089.00  125944.00  146954.00  167808.00  192012.00 
  20730.00   21534.00   22498.00   23489.00   25243.00   27039.00   28945.00   30955.00   33077.00   34778.00   38214.00   41900.00   49011.00   56161.00   63135.00   77098.00   91056.00  105091.00  125952.00  146960.00  167823.00  192030.00 
  20711.00   21513.00   22485.00   23482.00   25236.00   27031.00   28940.00   30948.00   33074.00   34774.00   38212.00   41900.00   49012.00   56162.00   63137.00   77107.00   91064.00  105092.00  125959.00  146964.00  167836.00  192045.00 
  20691.00   21503.00   22476.00   23478.00   25230.00   27023.00   28936.00   30943.00   33071.00   34770.00   38211.00   41901.00   49012.00   56163.00   63140.00   77115.00   91071.00  105094.00  125969.00  146969.00  167841.00  192062.00 
  20671.00   21497.00   22465.00   23472.00   25224.00   27016.00   28932.00   30938.00   33068.00   34767.00   38209.00   41902.00   49013.00   56164.00   63141.00   77121.00   91078.00  105095.00  125980.00  146974.00  167843.00  192073.00 
  20648.00   21491.00   22453.00   23462.00   25218.00   27010.00   28928.00   30935.00   33064.00   34764.00   38209.00   41903.00   49013.00   56165.00   63143.00   77124.00   91086.00  105097.00  125988.00  146979.00  167846.00  192089.00 
  20626.00   21483.00   22441.00   23451.00   25214.00   27006.00   28925.00   30933.00   33061.00   34762.00   38208.00   41904.00   49014.00   56164.00   63145.00   77127.00   91091.00  105098.00  125993.00  146987.00  167846.00  192106.00 
  20606.00   21476.00   22425.00   23441.00   25209.00   27003.00   28923.00   30931.00   33058.00   34760.00   38208.00   41905.00   49014.00   56164.00   63147.00   77129.00   91095.00  105100.00  125999.00  146997.00  167850.00  192120.00 
  20590.00   21471.00   22410.00   23432.00   25206.00   26999.00   28920.00   30929.00   33055.00   34758.00   38208.00   41905.00   49015.00   56163.00   63148.00   77132.00   91099.00  105101.00  126001.00  147004.00  167853.00  192137.00 
  20575.00   21466.00   22396.00   23426.00   25202.00   26996.00   28917.00   30927.00   33053.00   34756.00   38207.00   41906.00   49016.00   56163.00   63149.00   77137.00   91102.00  105103.00  126005.00  147011.00  167858.00  192150.00 
  20560.00   21461.00   22386.00   23420.00   25198.00   26993.00   28915.00   30924.00   33050.00   34754.00   38206.00   41906.00   49016.00   56163.00   63151.00   77139.00   91105.00  105104.00  126012.00  147017.00  167868.00  192159.00 
  20545.00   21455.00   22381.00   23415.00   25194.00   26990.00   28913.00   30922.00   33048.00   34752.00   38205.00   41906.00   49017.00   56164.00   63152.00   77142.00   91110.00  105106.00  126015.00  147024.00  167879.00  192170.00 
  20532.00   21449.00   22376.00   23410.00   25191.00   26987.00   28910.00   30919.00   33046.00   34750.00   38205.00   41907.00   49017.00   56164.00   63153.00   77148.00   91113.00  105107.00  126019.00  147032.00  167889.00  192180.00 
  20522.00   21442.00   22370.00   23404.00   25188.00   26984.00   28908.00   30915.00   33044.00   34749.00   38205.00   41907.00   49017.00   56164.00   63154.00   77151.00   91116.00  105109.00  126025.00  147036.00  167896.00  192192.00 
  20513.00   21436.00   22364.00   23398.00   25186.00   26981.00   28906.00   30912.00   33041.00   34747.00   38206.00   41907.00   49018.00   56164.00   63154.00   77154.00   91119.00  105110.00  126031.00  147040.00  167900.00  192207.00 
  20503.00   21430.00   22356.00   23392.00   25182.00   26979.00   28903.00   30908.00   33039.00   34746.00   38206.00   41908.00   49018.00   56164.00   63153.00   77156.00   91119.00  105112.00  126039.00  147042.00  167902.00  192221.00 
  20492.00   21422.00   22348.00   23386.00   25179.00   26977.00   28902.00   30905.00   33036.00   34744.00   38206.00   41908.00   49018.00   56163.00   63151.00   77155.00   91120.00  105113.00  126048.00  147046.00  167904.00  192232.00 
  20482.00   21416.00   22343.00   23380.00   25174.00   26976.00   28901.00   30905.00   33033.00   34743.00   38206.00   41908.00   49018.00   56164.00   63149.00   77156.00   91122.00  105115.00  126053.00  147052.00  167908.00  192243.00 
  20473.00   21410.00   22337.00   23375.00   25171.00   26975.00   28900.00   30905.00   33030.00   34742.00   38206.00   41909.00   49018.00   56164.00   63150.00   77156.00   91125.00  105116.00  126057.00  147058.00  167916.00  192249.00 
  20467.00   21405.00   22332.00   23371.00   25168.00   26973.00   28900.00   30905.00   33028.00   34741.00   38206.00   41909.00   49019.00   56165.00   63150.00   77157.00   91129.00  105118.00  126059.00  147063.00  167927.00  192253.00 
  20462.00   21400.00   22328.00   23366.00   25167.00   26973.00   28899.00   30903.00   33026.00   34739.00   38205.00   41910.00   49020.00   56166.00   63151.00   77160.00   91133.00  105119.00  126059.00  147069.00  167937.00  192259.00 
  20456.00   21393.00   22325.00   23361.00   25166.00   26972.00   28898.00   30901.00   33023.00   34738.00   38205.00   41911.00   49021.00   56165.00   63154.00   77163.00   91136.00  105121.00  126062.00  147075.00  167945.00  192265.00 
  20449.00   21384.00   22323.00   23355.00   25165.00   26971.00   28897.00   30898.00   33021.00   34737.00   38205.00   41912.00   49021.00   56163.00   63155.00   77167.00   91137.00  105122.00  126065.00  147079.00  167945.00  192270.00 
  20442.00   21375.00   22320.00   23347.00   25163.00   26970.00   28896.00   30896.00   33019.00   34736.00   38205.00   41912.00   49021.00   56163.00   63156.00   77169.00   91139.00  105124.00  126070.00  147083.00  167944.00  192277.00 
  20435.00   21368.00   22315.00   23341.00   25160.00   26969.00   28895.00   30896.00   33017.00   34734.00   38206.00   41912.00   49020.00   56162.00   63159.00   77171.00   91141.00  105125.00  126076.00  147087.00  167947.00  192284.00 
  20428.00   21362.00   22311.00   23334.00   25159.00   26968.00   28894.00   30895.00   33015.00   34733.00   38206.00   41911.00   49020.00   56164.00   63159.00   77172.00   91142.00  105127.00  126080.00  147089.00  167953.00  192289.00 
  20421.00   21357.00   22307.00   23329.00   25157.00   26967.00   28892.00   30893.00   33013.00   34731.00   38206.00   41911.00   49020.00   56164.00   63160.00   77174.00   91141.00  105128.00  126084.00  147092.00  167961.00  192295.00 
  20413.00   21353.00   22304.00   23327.00   25156.00   26967.00   28891.00   30892.00   33010.00   34730.00   38206.00   41910.00   49020.00   56164.00   63161.00   77175.00   91141.00  105130.00  126088.00  147096.00  167964.00  192302.00 
  20407.00   21348.00   22301.00   23325.00   25154.00   26967.00   28889.00   30890.00   33008.00   34729.00   38206.00   41912.00   49021.00   56165.00   63161.00   77176.00   91141.00  105131.00  126092.00  147100.00  167967.00  192308.00 
  20401.00   21343.00   22298.00   23322.00   25151.00   26966.00   28889.00   30889.00   33007.00   34729.00   38206.00   41913.00   49021.00   56165.00   63161.00   77177.00   91141.00  105133.00  126097.00  147105.00  167967.00  192319.00 
  20398.00   21338.00   22293.00   23319.00   25149.00   26965.00   28889.00   30888.00   33005.00   34729.00   38206.00   41913.00   49021.00   56164.00   63161.00   77178.00   91142.00  105134.00  126100.00  147110.00  167972.00  192327.00 
  20394.00   21334.00   22288.00   23315.00   25147.00   26964.00   28889.00   30886.00   33004.00   34728.00   38206.00   41914.00   49022.00   56163.00   63162.00   77178.00   91142.00  105136.00  126103.00  147114.00  167980.00  192335.00 
  20391.00   21328.00   22285.00   23312.00   25145.00   26963.00   28889.00   30884.00   33002.00   34727.00   38206.00   41915.00   49022.00   56161.00   63162.00   77180.00   91142.00  105137.00  126104.00  147116.00  167984.00  192343.00 
  20387.00   21322.00   22282.00   23309.00   25144.00   26962.00   28888.00   30883.00   32999.00   34726.00   38206.00   41916.00   49023.00   56160.00   63162.00   77181.00   91145.00  105139.00  126106.00  147118.00  167988.00  192348.00 
  20384.00   21316.00   22280.00   23305.00   25142.00   26962.00   28887.00   30882.00   32996.00   34725.00   38208.00   41917.00   49024.00   56159.00   63164.00   77182.00   91147.00  105140.00  126107.00  147121.00  167990.00  192352.00 
  20381.00   21309.00   22279.00   23302.00   25141.00   26961.00   28887.00   30881.00   32994.00   34724.00   38209.00   41917.00   49024.00   56160.00   63164.00   77183.00   91149.00  105142.00  126108.00  147124.00  167994.00  192355.00 
  20378.00   21303.00   22276.00   23298.00   25140.00   26961.00   28888.00   30879.00   32990.00   34724.00   38209.00   41916.00   49025.00   56160.00   63164.00   77182.00   91151.00  105143.00  126113.00  147128.00  167999.00  192357.00 
  20374.00   21299.00   22272.00   23294.00   25139.00   26961.00   28888.00   30877.00   32987.00   34724.00   38210.00   41915.00   49026.00   56159.00   63166.00   77181.00   91150.00  105145.00  126119.00  147131.00  168004.00  192362.00 
  20367.00   21294.00   22269.00   23290.00   25137.00   26961.00   28888.00   30876.00   32984.00   34724.00   38209.00   41914.00   49027.00   56160.00   63167.00   77181.00   91149.00  105146.00  126124.00  147133.00  168010.00  192368.00 
  20358.00   21290.00   22265.00   23287.00   25136.00   26961.00   28888.00   30875.00   32981.00   34723.00   38210.00   41916.00   49027.00   56161.00   63169.00   77181.00   91149.00  105148.00  126128.00  147134.00  168012.00  192375.00 
  20349.00   21286.00   22261.00   23285.00   25135.00   26961.00   28887.00   30875.00   32979.00   34722.00   38211.00   41917.00   49028.00   56162.00   63170.00   77183.00   91150.00  105149.00  126130.00  147136.00  168014.00  192383.00 
  20343.00   21282.00   22258.00   23283.00   25133.00   26961.00   28887.00   30875.00   32976.00   34721.00   38212.00   41918.00   49028.00   56164.00   63168.00   77184.00   91151.00  105151.00  126131.00  147140.00  168016.00  192387.00 
  20338.00   21279.00   22254.00   23280.00   25132.00   26961.00   28887.00   30875.00   32974.00   34721.00   38214.00   41919.00   49028.00   56164.00   63166.00   77185.00   91152.00  105152.00  126134.00  147143.00  168019.00  192392.00 
  20334.00   21278.00   22251.00   23276.00   25131.00   26961.00   28887.00   30874.00   32971.00   34721.00   38213.00   41919.00   49028.00   56164.00   63163.00   77187.00   91151.00  105154.00  126136.00  147146.00  168024.00  192400.00 
  20330.00   21277.00   22248.00   23272.00   25129.00   26961.00   28886.00   30873.00   32969.00   34720.00   38213.00   41920.00   49027.00   56164.00   63161.00   77187.00   91152.00  105155.00  126137.00  147149.00  168028.00  192406.00 
  20326.00   21275.00   22246.00   23268.00   25128.00   26961.00   28886.00   30871.00   32966.00   34718.00   38213.00   41919.00   49027.00   56163.00   63163.00   77187.00   91155.00  105157.00  126139.00  147154.00  168032.00  192414.00 
  20323.00   21272.00   22244.00   23265.00   25127.00   26962.00   28885.00   30867.00   32964.00   34717.00   38214.00   41919.00   49027.00   56164.00   63166.00   77187.00   91158.00  105158.00  126140.00  147157.00  168037.00  192424.00 
  20320.00   21269.00   22243.00   23262.00   25126.00   26962.00   28885.00   30865.00   32961.00   34717.00   38215.00   41920.00   49027.00   56165.00   63167.00   77186.00   91159.00  105160.00  126142.00  147162.00  168042.00  192430.00 
  20318.00   21264.00   22241.00   23259.00   25125.00   26962.00   28885.00   30862.00   32958.00   34717.00   38216.00   41919.00   49028.00   56164.00   63168.00   77187.00   91160.00  105161.00  126146.00  147166.00  168047.00  192436.00 
  20317.00   21261.00   22238.00   23256.00   25124.00   26963.00   28885.00   30860.00   32956.00   34717.00   38218.00   41920.00   49028.00   56163.00   63168.00   77188.00   91157.00  105163.00  126149.00  147169.00  168048.00  192443.00 
  20315.00   21259.00   22236.00   23253.00   25122.00   26963.00   28885.00   30859.00   32953.00   34717.00   38218.00   41922.00   49029.00   56162.00   63168.00   77188.00   91155.00  105164.00  126153.00  147172.00  168049.00  192449.00 
  20313.00   21257.00   22233.00   23249.00   25121.00   26964.00   28885.00   30859.00   32951.00   34716.00   38218.00   41921.00   49030.00   56160.00   63169.00   77189.00   91157.00  105166.00  126154.00  147177.00  168051.00  192454.00 
  20311.00   21254.00   22230.00   23246.00   25120.00   26965.00   28886.00   30858.00   32949.00   34715.00   38219.00   41922.00   49031.00   56160.00   63170.00   77190.00   91157.00  105167.00  126156.00  147181.00  168053.00  192460.00 
  20309.00   21250.00   22227.00   23243.00   25119.00   26967.00   28886.00   30858.00   32946.00   34714.00   38219.00   41922.00   49032.00   56159.00   63171.00   77191.00   91157.00  105169.00  126158.00  147185.00  168057.00  192463.00 
  20307.00   21246.00   22224.00   23240.00   25118.00   26969.00   28887.00   30858.00   32943.00   34712.00   38220.00   41921.00   49032.00   56158.00   63171.00   77193.00   91157.00  105170.00  126159.00  147188.00  168060.00  192464.00 
  20305.00   21243.00   22222.00   23237.00   25116.00   26969.00   28887.00   30857.00   32940.00   34710.00   38221.00   41921.00   49032.00   56160.00   63171.00   77195.00   91154.00  105172.00  126164.00  147188.00  168060.00  192467.00 
  20303.00   21239.00   22221.00   23234.00   25115.00   26969.00   28887.00   30856.00   32937.00   34709.00   38222.00   41922.00   49033.00   56163.00   63172.00   77197.00   91152.00  105173.00  126167.00  147188.00  168059.00  192469.00 
  20301.00   21235.00   22220.00   23231.00   25115.00   26970.00   28888.00   30856.00   32933.00   34708.00   38224.00   41922.00   49033.00   56163.00   63174.00   77199.00   91152.00  105175.00  126168.00  147187.00  168061.00  192474.00 
  20299.00   21230.00   22219.00   23228.00   25116.00   26969.00   28888.00   30855.00   32930.00   34709.00   38225.00   41923.00   49034.00   56163.00   63175.00   77202.00   91151.00  105176.00  126170.00  147189.00  168066.00  192481.00 
  20297.00   21226.00   22219.00   23224.00   25117.00   26971.00   28889.00   30855.00   32927.00   34709.00   38226.00   41923.00   49035.00   56162.00   63176.00   77202.00   91152.00  105178.00  126170.00  147192.00  168071.00  192488.00 
  20295.00   21223.00   22218.00   23222.00   25118.00   26972.00   28889.00   30855.00   32924.00   34710.00   38227.00   41922.00   49036.00   56162.00   63177.00   77201.00   91152.00  105179.00  126172.00  147195.00  168076.00  192496.00 
  20293.00   21222.00   22217.00   23219.00   25117.00   26972.00   28889.00   30854.00   32920.00   34710.00   38228.00   41921.00   49038.00   56165.00   63178.00   77202.00   91152.00  105181.00  126177.00  147199.00  168078.00  192502.00 
  20291.00   21219.00   22215.00   23217.00   25116.00   26972.00   28890.00   30854.00   32917.00   34709.00   38230.00   41921.00   49039.00   56167.00   63180.00   77201.00   91152.00  105182.00  126180.00  147202.00  168077.00  192505.00 
  20289.00   21217.00   22212.00   23215.00   25116.00   26974.00   28891.00   30854.00   32913.00   34708.00   38233.00   41921.00   49040.00   56168.00   63181.00   77202.00   91153.00  105184.00  126181.00  147204.00  168080.00  192509.00 
  20287.00   21215.00   22211.00   23213.00   25114.00   26975.00   28892.00   30853.00   32909.00   34707.00   38235.00   41923.00   49041.00   56169.00   63181.00   77205.00   91152.00  105185.00  126180.00  147206.00  168084.00  192514.00 
  20285.00   21213.00   22209.00   23210.00   25113.00   26978.00   28894.00   30853.00   32906.00   34707.00   38238.00   41925.00   49042.00   56169.00   63182.00   77207.00   91152.00  105187.00  126178.00  147207.00  168088.00  192518.00 
  20283.00   21211.00   22207.00   23207.00   25111.00   26980.00   28895.00   30852.00   32902.00   34706.00   38240.00   41926.00   49043.00   56170.00   63183.00   77210.00   91153.00  105188.00  126178.00  147208.00  168090.00  192523.00 
  20281.00   21209.00   22206.00   23204.00   25109.00   26981.00   28897.00   30852.00   32898.00   34705.00   38241.00   41927.00   49044.00   56171.00   63184.00   77212.00   91154.00  105190.00  126179.00  147209.00  168089.00  192525.00 
  20279.00   21207.00   22204.00   23202.00   25107.00   26983.00   28899.00   30851.00   32894.00   34704.00   38243.00   41929.00   49045.00   56172.00   63184.00   77213.00   91155.00  105191.00  126179.00  147210.00  168088.00  192528.00 
  20277.00   21205.00   22203.00   23201.00   25105.00   26984.00   28901.00   30851.00   32890.00   34704.00   38245.00   41929.00   49047.00   56172.00   63185.00   77213.00   91155.00  105193.00  126179.00  147211.00  168086.00  192531.00 
  20275.00   21203.00   22203.00   23201.00   25105.00   26985.00   28902.00   30852.00   32886.00   34703.00   38247.00   41930.00   49048.00   56173.00   63186.00   77213.00   91155.00  105194.00  126179.00  147212.00  168087.00  192534.00 
  20273.00   21201.00   22203.00   23201.00   25104.00   26987.00   28903.00   30854.00   32883.00   34703.00   38249.00   41930.00   49049.00   56173.00   63187.00   77213.00   91156.00  105196.00  126179.00  147212.00  168087.00  192537.00 
  20271.00   21199.00   22203.00   23200.00   25104.00   26989.00   28904.00   30856.00   32879.00   34702.00   38252.00   41930.00   49050.00   56173.00   63189.00   77214.00   91156.00  105197.00  126179.00  147211.00  168088.00  192538.00 
  20269.00   21197.00   22203.00   23199.00   25104.00   26991.00   28906.00   30858.00   32876.00   34702.00   38254.00   41930.00   49051.00   56174.00   63191.00   77215.00   91157.00  105199.00  126179.00  147210.00  168090.00  192536.00 
  20267.00   21195.00   22203.00   23198.00   25104.00   26993.00   28908.00   30860.00   32872.00   34702.00   38257.00   41931.00   49053.00   56175.00   63192.00   77217.00   91158.00  105200.00  126178.00  147208.00  168090.00  192538.00 
  20265.00   21193.00   22203.00   23197.00   25104.00   26995.00   28910.00   30860.00   32869.00   34701.00   38260.00   41932.00   49055.00   56177.00   63193.00   77219.00   91158.00  105202.00  126177.00  147207.00  168090.00  192543.00 
  20263.00   21191.00   22203.00   23196.00   25104.00   26997.00   28912.00   30860.00   32866.00   34701.00   38263.00   41933.00   49057.00   56178.00   63194.00   77220.00   91159.00  105203.00  126175.00  147207.00  168089.00  192548.00 
  20261.00   21189.00   22203.00   23196.00   25104.00   27000.00   28913.00   30861.00   32863.00   34700.00   38265.00   41934.00   49059.00   56179.00   63195.00   77222.00   91159.00  105205.00  126174.00  147207.00  168088.00  192554.00 
  20259.00   21187.00   22203.00   23195.00   25104.00   27002.00   28915.00   30861.00   32860.00   34699.00   38269.00   41935.00   49062.00   56179.00   63197.00   77223.00   91159.00  105206.00  126173.00  147207.00  168087.00  192558.00 
  20257.00   21185.00   22203.00   23195.00   25104.00   27005.00   28917.00   30861.00   32856.00   34699.00   38272.00   41936.00   49063.00   56179.00   63199.00   77226.00   91159.00  105208.00  126173.00  147207.00  168088.00  192559.00 
  20255.00   21183.00   22203.00   23196.00   25104.00   27007.00   28919.00   30862.00   32852.00   34699.00   38276.00   41937.00   49065.00   56179.00   63202.00   77229.00   91160.00  105209.00  126174.00  147207.00  168090.00  192558.00 
  20253.00   21181.00   22203.00   23196.00   25105.00   27011.00   28921.00   30863.00   32847.00   34699.00   38279.00   41938.00   49067.00   56180.00   63204.00   77231.00   91163.00  105211.00  126175.00  147207.00  168090.00  192557.00 
  20251.00   21179.00   22203.00   23196.00   25106.00   27014.00   28924.00   30864.00   32844.00   34699.00   38282.00   41939.00   49069.00   56183.00   63206.00   77233.00   91166.00  105212.00  126177.00  147208.00  168089.00  192555.00 
  20249.00   21177.00   22203.00   23197.00   25107.00   27019.00   28926.00   30867.00   32842.00   34699.00   38285.00   41941.00   49071.00   56186.00   63209.00   77235.00   91171.00  105214.00  126178.00  147208.00  168088.00  192557.00 
  20247.00   21175.00   22203.00   23197.00   25109.00   27023.00   28929.00   30869.00   32838.00   34698.00   38289.00   41942.00   49075.00   56188.00   63211.00   77237.00   91175.00  105215.00  126178.00  147208.00  168086.00  192559.00 
  20245.00   21173.00   22203.00   23198.00   25110.00   27026.00   28933.00   30871.00   32835.00   34698.00   38292.00   41944.00   49077.00   56190.00   63213.00   77239.00   91179.00  105217.00  126177.00  147208.00  168085.00  192556.00 
  20243.00   21171.00   22203.00   23198.00   25111.00   27030.00   28936.00   30873.00   32832.00   34698.00   38295.00   41945.00   49079.00   56190.00   63215.00   77241.00   91182.00  105218.00  126178.00  147208.00  168085.00  192556.00 
  20241.00   21169.00   22203.00   23199.00   25114.00   27032.00   28939.00   30874.00   32830.00   34698.00   38299.00   41946.00   49082.00   56191.00   63217.00   77244.00   91184.00  105220.00  126178.00  147208.00  168083.00  192555.00 
  20239.00   21167.00   22203.00   23199.00   25116.00   27035.00   28942.00   30876.00   32828.00   34697.00   38303.00   41947.00   49084.00   56192.00   63218.00   77246.00   91185.00  105221.00  126178.00  147208.00  168080.00  192551.00 
  20237.00   21165.00   22203.00   23200.00   25118.00   27039.00   28946.00   30878.00   32826.00   34697.00   38308.00   41948.00   49087.00   56193.00   63220.00   77247.00   91186.00  105223.00  126180.00  147209.00  168078.00  192552.00 
  20235.00   21163.00   22203.00   23200.00   25121.00   27042.00   28949.00   30880.00   32825.00   34696.00   38313.00   41950.00   49090.00   56195.00   63222.00   77249.00   91188.00  105224.00  126182.00  147209.00  168076.00  192553.00 
  20233.00   21161.00   22203.00   23201.00   25123.00   27046.00   28953.00   30883.00   32823.00   34695.00   38317.00   41952.00   49091.00   56198.00   63224.00   77250.00   91190.00  105226.00  126183.00  147210.00  168075.00  192552.00 
  20231.00   21159.00   22203.00   23201.00   25125.00   27050.00   28958.00   30886.00   32821.00   34695.00   38319.00   41954.00   49092.00   56200.00   63226.00   77252.00   91192.00  105227.00  126184.00  147211.00  168072.00  192555.00 
  20229.00   21157.00   22203.00   23202.00   25128.00   27054.00   28963.00   30889.00   32819.00   34696.00   38322.00   41955.00   49093.00   56201.00   63228.00   77254.00   91195.00  105229.00  126185.00  147212.00  168063.00  192555.00 
  20227.00   21155.00   22203.00   23202.00   25132.00   27058.00   28969.00   30891.00   32817.00   34695.00   38325.00   41957.00   49095.00   56203.00   63230.00   77257.00   91197.00  105230.00  126186.00  147212.00  168057.00  192552.00 
  20225.00   21153.00   22203.00   23203.00   25135.00   27063.00   28974.00   30894.00   32815.00   34695.00   38329.00   41959.00   49098.00   56204.00   63231.00   77260.00   91200.00  105232.00  126186.00  147212.00  168058.00  192547.00 
  20223.00   21151.00   22203.00   23203.00   25139.00   27067.00   28978.00   30897.00   32814.00   34695.00   38333.00   41962.00   49101.00   56206.00   63233.00   77262.00   91203.00  105233.00  126189.00  147212.00  168065.00  192545.00 
  20221.00   21149.00   22203.00   23204.00   25144.00   27072.00   28982.00   30900.00   32813.00   34695.00   38337.00   41964.00   49104.00   56207.00   63235.00   77264.00   91205.00  105235.00  126192.00  147212.00  168075.00  192546.00 
  20219.00   21147.00   22203.00   23204.00   25148.00   27077.00   28986.00   30903.00   32812.00   34695.00   38341.00   41966.00   49106.00   56209.00   63237.00   77266.00   91208.00  105236.00  126194.00  147210.00  168080.00  192546.00 
  20217.00   21145.00   22203.00   23205.00   25153.00   27083.00   28991.00   30907.00   32812.00   34696.00   38344.00   41967.00   49108.00   56211.00   63238.00   77267.00   91211.00  105238.00  126196.00  147208.00  168076.00  192545.00 
  20215.00   21143.00   22203.00   23205.00   25158.00   27089.00   28996.00   30911.00   32811.00   34696.00   38349.00   41969.00   49110.00   56213.00   63239.00   77270.00   91215.00  105239.00  126195.00  147202.00  168063.00  192545.00 
  20213.00   21141.00   22203.00   23206.00   25162.00   27094.00   29001.00   30914.00   32810.00   34697.00   38353.00   41971.00   49113.00   56215.00   63240.00   77272.00   91219.00  105241.00  126191.00  147193.00  168050.00  192545.00 
  20211.00   21139.00   22203.00   23206.00   25167.00   27099.00   29006.00   30918.00   32810.00   34697.00   38357.00   41974.00   49116.00   56217.00   63241.00   77274.00   91221.00  105242.00  126189.00  147187.00  168040.00  192544.00 
  20209.00   21137.00   22203.00   23207.00   25171.00   27104.00   29011.00   30922.00   32811.00   34697.00   38362.00   41977.00   49118.00   56219.00   63244.00   77276.00   91224.00  105244.00  126188.00  147185.00  168036.00  192543.00 
  20207.00   21135.00   22203.00   23207.00   25175.00   27109.00   29015.00   30925.00   32812.00   34698.00   38366.00   41980.00   49121.00   56220.00   63247.00   77278.00   91226.00  105245.00  126188.00  147184.00  168042.00  192543.00 
  20205.00   21133.00   22203.00   23208.00   25179.00   27114.00   29020.00   30929.00   32812.00   34698.00   38370.00   41982.00   49124.00   56221.00   63249.00   77280.00   91228.00  105247.00  126190.00  147182.00  168055.00  192541.00 
  20203.00   21131.00   22203.00   23208.00   25183.00   27119.00   29026.00   30933.00   32813.00   34699.00   38375.00   41984.00   49127.00   56223.00   63249.00   77283.00   91231.00  105248.00  126193.00  147180.00  168069.00  192543.00 
  20201.00   21129.00   22203.00   23209.00   25187.00   27125.00   29031.00   30936.00   32813.00   34700.00   38379.00   41987.00   49129.00   56225.00   63250.00   77285.00   91233.00  105250.00  126198.00  147175.00  168078.00  192546.00 
  20199.00   21127.00   22203.00   23209.00   25191.00   27130.00   29037.00   30940.00   32812.00   34701.00   38383.00   41989.00   49132.00   56226.00   63253.00   77287.00   91236.00  105252.00  126202.00  147169.00  168082.00  192547.00 
  20197.00   21125.00   22203.00   23210.00   25195.00   27134.00   29043.00   30944.00   32813.00   34701.00   38387.00   41991.00   49135.00   56229.00   63256.00   77288.00   91238.00  105253.00  126205.00  147173.00  168087.00  192549.00 
  20195.00   21123.00   22203.00   23210.00   25199.00   27139.00   29049.00   30947.00   32814.00   34702.00   38392.00   41994.00   49138.00   56230.00   63260.00   77289.00   91242.00  105254.00  126205.00  147181.00  168088.00  192547.00 
  20193.00   21121.00   22203.00   23211.00   25203.00   27144.00   29055.00   30952.00   32815.00   34703.00   38397.00   41996.00   49142.00   56231.00   63264.00   77291.00   91244.00  105256.00  126199.00  147190.00  168092.00  192544.00 
  20191.00   21119.00   22203.00   23211.00   25207.00   27149.00   29061.00   30957.00   32817.00   34704.00   38402.00   42000.00   49146.00   56234.00   63265.00   77292.00   91247.00  105257.00  126189.00  147198.00  168097.00  192544.00 
  20189.00   21117.00   22203.00   23212.00   25211.00   27155.00   29067.00   30962.00   32818.00   34706.00   38408.00   42003.00   49149.00   56237.00   63267.00   77294.00   91249.00  105256.00  126179.00  147203.00  168099.00  192546.00 
  20187.00   21115.00   22203.00   23212.00   25215.00   27161.00   29073.00   30966.00   32820.00   34708.00   38412.00   42007.00   49153.00   56240.00   63269.00   77297.00   91253.00  105256.00  126173.00  147203.00  168101.00  192550.00 
  20185.00   21113.00   22203.00   23213.00   25219.00   27166.00   29078.00   30971.00   32821.00   34709.00   38417.00   42009.00   49157.00   56244.00   63271.00   77299.00   91256.00  105256.00  126175.00  147202.00  168102.00  192553.00 
  20183.00   21111.00   22203.00   23213.00   25223.00   27171.00   29083.00   30975.00   32823.00   34710.00   38422.00   42012.00   49160.00   56246.00   63273.00   77301.00   91259.00  105257.00  126190.00  147203.00  168102.00  192553.00 
  20181.00   21109.00   22203.00   23214.00   25227.00   27175.00   29088.00   30979.00   32825.00   34712.00   38427.00   42015.00   49162.00   56248.00   63275.00   77303.00   91261.00  105260.00  126209.00  147202.00  168102.00  192554.00 
  20179.00   21107.00   22203.00   23214.00   25231.00   27179.00   29094.00   30982.00   32826.00   34714.00   38432.00   42019.00   49165.00   56250.00   63277.00   77305.00   91263.00  105263.00  126225.00  147200.00  168104.00  192553.00 
  20177.00   21105.00   22203.00   23215.00   25235.00   27184.00   29099.00   30985.00   32829.00   34716.00   38436.00   42023.00   49166.00   56252.00   63280.00   77306.00   91265.00  105265.00  126237.00  147199.00  168108.00  192553.00 
  20175.00   21103.00   22203.00   23215.00   25239.00   27188.00   29104.00   30989.00   32831.00   34718.00   38441.00   42026.00   49168.00   56255.00   63282.00   77308.00   91267.00  105266.00  126239.00  147197.00  168111.00  192557.00 
  20173.00   21101.00   22203.00   23216.00   25243.00   27193.00   29109.00   30992.00   32833.00   34720.00   38445.00   42029.00   49171.00   56257.00   63284.00   77309.00   91270.00  105268.00  126235.00  147195.00  168117.00  192560.00 
  20171.00   21099.00   22203.00   23216.00   25247.00   27197.00   29113.00   30996.00   32835.00   34722.00   38450.00   42032.00   49175.00   56259.00   63286.00   77311.00   91273.00  105270.00  126227.00  147194.00  168121.00  192566.00 
  20169.00   21097.00   22203.00   23217.00   25251.00   27202.00   29118.00   30999.00   32838.00   34725.00   38455.00   42036.00   49178.00   56262.00   63288.00   77313.00   91274.00  105272.00  126216.00  147192.00  168120.00  192573.00 
  20167.00   21095.00   22203.00   23217.00   25255.00   27206.00   29122.00   31003.00   32841.00   34727.00   38460.00   42039.00   49182.00   56263.00   63289.00   77315.00   91275.00  105274.00  126204.00  147193.00  168119.00  192575.00 
  20165.00   21093.00   22203.00   23218.00   25259.00   27211.00   29126.00   31007.00   32845.00   34729.00   38465.00   42043.00   49185.00   56266.00   63291.00   77317.00   91276.00  105276.00  126193.00  147192.00  168118.00  192577.00 
  20163.00   21091.00   22203.00   23218.00   25263.00   27215.00   29131.00   31010.00   32848.00   34731.00   38469.00   42047.00   49188.00   56269.00   63292.00   77318.00   91278.00  105278.00  126186.00  147193.00  168118.00  192576.00 
  20161.00   21089.00   22203.00   23219.00   25267.00   27220.00   29136.00   31013.00   32851.00   34734.00   38474.00   42050.00   49192.00   56271.00   63294.00   77320.00   91280.00  105280.00  126184.00  147192.00  168123.00  192575.00 
  20159.00   21087.00   22203.00   23219.00   25271.00   27224.00   29140.00   31016.00   32853.00   34737.00   38479.00   42054.00   49195.00   56274.00   63296.00   77322.00   91284.00  105282.00  126184.00  147190.00  168129.00  192577.00 
  20157.00   21085.00   22203.00   23220.00   25275.00   27229.00   29144.00   31019.00   32855.00   34741.00   38484.00   42057.00   49199.00   56276.00   63297.00   77325.00   91287.00  105284.00  126186.00  147191.00  168130.00  192580.00 
  20155.00   21083.00   22203.00   23220.00   25279.00   27233.00   29147.00   31022.00   32858.00   34744.00   38489.00   42061.00   49203.00   56278.00   63299.00   77327.00   91290.00  105286.00  126188.00  147188.00  168127.00  192583.00 
  20153.00   21081.00   22203.00   23221.00   25283.00   27238.00   29150.00   31025.00   32860.00   34748.00   38493.00   42064.00   49207.00   56280.00   63300.00   77329.00   91293.00  105288.00  126191.00  147190.00  168123.00  192587.00 
  20151.00   21079.00   22203.00   23221.00   25287.00   27242.00   29154.00   31028.00   32863.00   34751.00   38498.00   42068.00   49211.00   56282.00   63302.00   77330.00   91296.00  105290.00  126195.00  147191.00  168121.00  192588.00 
  20149.00   21077.00   22203.00   23222.00   25291.00   27247.00   29157.00   31031.00   32865.00   34753.00   38502.00   42072.00   49214.00   56284.00   63304.00   77331.00   91298.00  105292.00  126198.00  147189.00  168121.00  192588.00 
  20147.00   21075.00   22203.00   23222.00   25295.00   27251.00   29161.00   31034.00   32867.00   34756.00   38505.00   42075.00   49217.00   56287.00   63307.00   77332.00   91300.00  105294.00  126200.00  147188.00  168122.00  192588.00 
  20145.00   21073.00   22203.00   23223.00   25299.00   27256.00   29164.00   31037.00   32869.00   34759.00   38509.00   42079.00   49219.00   56290.00   63311.00   77334.00   91303.00  105296.00  126203.00  147187.00  168124.00  192586.00 
  20143.00   21071.00   22203.00   23223.00   25303.00   27260.00   29168.00   31040.00   32873.00   34762.00   38512.00   42083.00   49222.00   56293.00   63314.00   77335.00   91305.00  105298.00  126205.00  147187.00  168124.00  192585.00 
  20141.00   21069.00   22203.00   23224.00   25307.00   27265.00   29171.00   31042.00   32876.00   34764.00   38515.00   42086.00   49224.00   56295.00   63316.00   77338.00   91308.00  105300.00  126209.00  147188.00  168123.00  192586.00 
  20139.00   21067.00   22203.00   23224.00   25311.00   27269.00   29175.00   31044.00   32879.00   34766.00   38519.00   42089.00   49227.00   56298.00   63318.00   77342.00   91310.00  105302.00  126215.00  147190.00  168124.00  192587.00 
  20137.00   21065.00   22203.00   23225.00   25315.00   27274.00   29178.00   31047.00   32882.00   34767.00   38522.00   42092.00   49230.00   56300.00   63320.00   77346.00   91313.00  105304.00  126220.00  147195.00  168125.00  192591.00 
  20135.00   21063.00   22203.00   23225.00   25319.00   27278.00   29182.00   31049.00   32885.00   34768.00   38525.00   42094.00   49233.00   56303.00   63322.00   77348.00   91315.00  105306.00  126225.00  147199.00  168126.00  192593.00 
  20133.00   21061.00   22203.00   23226.00   25323.00   27283.00   29185.00   31052.00   32887.00   34768.00   38528.00   42097.00   49236.00   56305.00   63325.00   77349.00   91318.00  105308.00  126227.00  147202.00  168130.00  192593.00 
  20131.00   21059.00   22203.00   23226.00   25327.00   27287.00   29189.00   31054.00   32889.00   34769.00   38531.00   42100.00   49239.00   56307.00   63327.00   77350.00   91320.00  105310.00  126226.00  147204.00  168131.00  192594.00 
  20129.00   21057.00   22203.00   23227.00   25331.00   27292.00   29192.00   31057.00   32893.30   34770.00   38532.00   42103.00   49242.00   56310.00   63328.00   77351.00   91323.00  105312.00  126227.00  147204.00  168132.00  192593.00 
  20127.00   21055.00   22203.00   23227.00   25335.00   27296.00   29196.00   31059.00   32897.80   34772.00   38534.00   42106.00   49246.00   56312.00   63330.00   77353.00   91325.00  105314.00  126228.00  147203.00  168134.00  192592.00 
  20125.00   21053.00   22203.00   23228.00   25339.00   27301.00   29199.00   31062.00   32902.50   34773.00   38535.00   42108.00   49249.00   56314.00   63331.00   77358.00   91328.00  105316.00  126228.00  147204.00  168137.00  192591.00 
  20123.00   21051.00   22203.00   23228.00   25343.00   27305.00   29203.00   31064.00   32907.40   34776.00   38536.00   42111.00   49252.00   56317.00   63333.00   77361.00   91330.00  105318.00  126229.00  147204.00  168142.00  192590.00 
  20121.00   21049.00   22203.00   23229.00   25347.00   27310.00   29206.00   31067.00   32912.50   34778.00   38539.00   42113.00   49254.00   56318.00   63336.00   77363.00   91333.00  105320.00  126230.00  147204.00  168144.00  192589.00 
  20119.00   21047.00   22203.00   23229.00   25351.00   27314.00   29210.00   31069.00   32917.80   34780.00   38542.00   42116.00   49256.00   56320.00   63338.00   77365.00   91335.00  105322.00  126231.00  147204.00  168146.00  192588.00 
  20117.00   21045.00   22203.00   23230.00   25355.00   27319.00   29213.00   31072.00   32923.30   34783.00   38544.00   42119.00   49258.00   56322.00   63341.00   77368.00   91338.00  105324.00  126231.00  147203.00  168146.00  192587.00 
  20115.00   21043.00   22203.00   23230.00   25359.00   27323.00   29217.00   31074.00   32929.00   34785.00   38547.00   42122.00   49259.00   56325.00   63344.00   77370.00   91340.00  105326.00  126230.00  147205.00  168144.00  192586.00 
  20113.00   21041.00   22203.00   23231.00   25363.00   27328.00   29220.00   31077.00   32934.90   34788.00   38549.00   42124.00   49261.00   56328.00   63347.00   77373.00   91343.00  105328.00  126230.00  147205.00  168145.00  192585.00 
  20111.00   21039.00   22203.00   23231.00   25367.00   27332.00   29224.00   31079.00   32941.00   34790.00   38551.00   42125.00   49264.00   56331.00   63349.00   77375.00   91345.00  105330.00  126229.00  147207.00  168147.00  192584.00 
  20109.00   21037.00   22203.00   23232.00   25371.00   27337.00   29227.00   31082.00   32944.00   34793.00   38552.00   42127.00   49266.00   56333.00   63351.00   77378.00   91348.00  105332.00  126231.00  147211.00  168151.00  192583.00 
  20107.00   21035.00   22203.00   23232.00   25375.00   27341.00   29231.00   31084.00   32947.00   34795.00   38552.00   42129.00   49268.00   56334.00   63354.00   77380.00   91350.00  105334.00  126232.00  147211.00  168154.00  192582.00 
  20105.00   21033.00   22203.00   23233.00   25379.00   27346.00   29234.00   31087.00   32950.00   34798.00   38553.00   42130.00   49270.00   56336.00   63356.00   77383.00   91353.00  105336.00  126232.00  147212.00  168158.00  192581.00 
  20103.00   21031.00   22203.00   23233.00   25383.00   27350.00   29238.00   31089.00   32953.00   34800.00   38554.00   42132.00   49271.00   56337.00   63358.00   77385.00   91355.00  105338.00  126234.00  147214.00  168160.00  192580.00 
  20101.00   21029.00   22203.00   23234.00   25387.00   27355.00   29241.00   31092.00   32956.00   34803.00   38554.00   42133.00   49272.00   56338.00   63359.00   77388.00   91358.00  105340.00  126235.00  147214.00  168160.00  192579.00 
  20099.00   21027.00   22203.00   23234.00   25391.00   27359.00   29245.00   31094.00   32959.00   34805.00   38553.00   42135.00   49273.00   56338.00   63358.00   77390.00   91360.00  105342.00  126235.00  147215.00  168160.00  192578.00 
  20097.00   21025.00   22203.00   23235.00   25395.00   27364.00   29248.00   31097.00   32962.00   34808.00   38552.00   42136.00   49273.00   56338.30   63358.00   77393.00   91363.00  105344.00  126233.00  147215.00  168158.00  192577.00 
  20095.00   21023.00   22203.00   23235.00   25399.00   27368.00   29252.00   31099.00   32965.00   34810.00   38552.00   42138.00   49271.00   56339.40   63358.00   77395.00   91365.00  105346.00  126231.00  147213.00  168156.00  192576.00 
  20093.00   21021.00   22203.00   23236.00   25403.00   27373.00   29255.00   31102.00   32968.00   34813.00   38551.00   42139.00   49270.00   56339.60   63358.00   77398.00   91368.00  105348.00  126229.00  147210.00  168154.00  192575.00 
  20091.00   21019.00   22203.00   23236.00   25407.00   27377.00   29259.00   31104.00   32971.00   34815.00   38551.00   42141.00   49268.00   56340.40   63358.00   77400.00   91370.00  105350.00  126228.00  147205.00  168151.00  192574.00 
  20089.00   21017.00   22203.00   23237.00   25411.00   27382.00   29262.00   31107.00   32974.00   34818.00   38550.00   42142.00   49266.00   56340.50   63358.00   77403.00   91373.00  105352.00  126229.00  147202.00  168148.00  192573.00 
  20087.00   21015.00   22203.00   23237.00   25415.00   27386.00   29266.00   31109.00   32977.00   34820.00   38550.00   42144.00   49265.00   56341.00   63358.00   77405.00   91375.00  105354.00  126229.00  147199.00  168146.00  192572.00 
  20085.00   21013.00   22203.00   23238.00   25419.00   27391.00   29269.00   31112.00   32980.00   34823.00   38549.00   42145.00   49263.00   56341.00   63358.00   77408.00   91378.00  105356.00  126228.00  147197.00  168144.00  192571.00 
  20083.00   21011.00   22203.00   23238.00   25423.00   27395.00   29273.00   31114.00   32983.00   34825.00   38549.00   42147.00   49262.00   56341.20   63358.00   77410.00   91380.00  105358.00  126227.00  147196.00  168142.00  192570.00 
  20081.00   21009.00   22203.00   23239.00   25427.00   27400.00   29276.00   31117.00   32986.00   34828.00   38548.00   42148.00   49260.00   56341.10   63358.00   77413.00   91383.00  105360.00  126224.00  147194.00  168139.00  192569.00 
  20079.00   21007.00   22203.00   23239.00   25431.00   27404.00   29280.00   31119.00   32989.00   34830.00   38548.00   42150.00   49259.00   56341.00   63358.00   77415.00   91385.00  105362.00  126221.00  147193.00  168134.00  192568.00 
  20077.00   21005.00   22203.00   23240.00   25435.00   27409.00   29283.00   31122.00   32992.00   34833.00   38547.00   42151.00   49257.00   56341.00   63358.00   77418.00   91388.00  105364.00  126219.00  147191.00  168130.00  192567.00 
  20075.00   21003.00   22203.00   23240.00   25439.00   27413.00   29287.00   31124.00   32995.00   34835.00   38547.00   42153.00   49256.00   56341.00   63358.00   77420.00   91390.00  105366.00  126219.00  147190.00  168126.00  192566.00 
  20073.00   21001.00   22203.00   23241.00   25443.00   27418.00   29290.00   31127.00   32998.00   34838.00   38546.00   42154.00   49254.00   56341.00   63358.00   77423.00   91393.00  105368.00  126220.00  147188.00  168122.00  192565.00 
  20071.00   20999.00   22203.00   23241.00   25447.00   27422.00   29294.00   31129.00   33001.00   34840.00   38546.00   42156.00   49253.00   56341.00   63358.00   77425.00   91395.00  105370.00  126219.00  147187.00  168118.00  192564.00 
  20069.00   20997.00   22203.00   23242.00   25451.00   27427.00   29297.00   31132.00   33004.00   34843.00   38545.00   42157.00   49251.00   56341.00   63358.00   77428.00   91398.00  105372.00  126217.00  147185.00  168114.00  192563.00 
  20067.00   20995.00   22203.00   23242.00   25455.00   27431.00   29301.00   31134.00   33007.00   34845.00   38545.00   42159.00   49250.00   56341.00   63358.00   77430.00   91400.00  105374.00  126214.00  147184.00  168110.00  192562.00 
  20065.00   20993.00   22203.00   23243.00   25459.00   27436.00   29304.00   31137.00   33010.00   34848.00   38544.00   42160.00   49248.00   56341.00   63358.00   77433.00   91403.00  105376.00  126212.00  147182.00  168106.00  192561.00 
  20063.00   20991.00   22203.00   23243.00   25463.00   27440.00   29308.00   31139.00   33013.00   34850.00   38544.00   42162.00   49247.00   56341.00   63358.00   77435.00   91405.00  105378.00  126210.00  147181.00  168102.00  192560.00 
  20061.00   20989.00   22203.00   23244.00   25467.00   27445.00   29311.00   31142.00   33016.00   34853.00   38543.00   42163.00   49245.00   56341.00   63358.00   77438.00   91408.00  105380.00  126208.00  147179.00  168098.00  192559.00 
  20059.00   20987.00   22203.00   23244.00   25471.00   27449.00   29315.00   31144.00   33019.00   34855.00   38543.00   42165.00   49244.00   56341.00   63358.00   77440.00   91410.00  105382.00  126203.00  147178.00  168094.00  192558.00 
  20057.00   20985.00   22203.00   23245.00   25475.00   27454.00   29318.00   31147.00   33022.00   34858.00   38542.00   42166.00   49242.00   56341.00   63358.00   77443.00   91413.00  105384.00  126198.00  147176.00  168090.00  192557.00 
  20055.00   20983.00   22203.00   23245.00   25479.00   27458.00   29322.00   31149.00   33025.00   34860.00   38542.00   42168.00   49241.00   56341.00   63358.00   77445.00   91415.00  105386.00  126192.00  147175.00  168086.00  192556.00 
  20053.00   20981.00   22203.00   23246.00   25483.00   27463.00   29325.00   31152.00   33028.00   34863.00   38541.00   42169.00   49239.00   56341.00   63358.00   77448.00   91418.00  105388.00  126187.00  147173.00  168082.00  192555.00 
  20051.00   20979.00   22203.00   23246.00   25487.00   27467.00   29329.00   31154.00   33031.00   34865.00   38541.00   42171.00   49238.00   56341.00   63358.00   77450.00   91420.00  105390.00  126184.00  147172.00  168078.00  192554.00 
  20049.00   20977.00   22203.00   23247.00   25491.00   27472.00   29332.00   31157.00   33034.00   34868.00   38540.00   42172.00   49236.00   56341.00   63358.00   77453.00   91423.00  105392.00  126182.00  147170.00  168074.00  192553.00 
  20047.00   20975.00   22203.00   23247.00   25495.00   27476.00   29336.00   31159.00   33037.00   34870.00   38540.00   42174.00   49235.00   56341.00   63358.00   77455.00   91425.00  105394.00  126182.00  147169.00  168070.00  192552.00 
  20045.00   20973.00   22203.00   23248.00   25499.00   27481.00   29339.00   31162.00   33040.00   34873.00   38539.00   42175.00   49233.00   56341.00   63358.00   77458.00   91428.00  105396.00  126182.00  147167.00  168066.00  192551.00 
  20043.00   20971.00   22203.00   23248.00   25503.00   27485.00   29343.00   31164.00   33043.00   34875.00   38539.00   42177.00   49232.00   56341.00   63358.00   77460.00   91430.00  105398.00  126181.00  147166.00  168062.00  192550.00 
  20041.00   20969.00   22203.00   23249.00   25507.00   27490.00   29346.00   31167.00   33046.00   34878.00   38538.00   42178.00   49230.00   56341.00   63358.00   77463.00   91433.00  105400.00  126181.00  147164.00  168058.00  192549.00 
  20039.00   20967.00   22203.00   23249.00   25511.00   27494.00   29350.00   31169.00   33049.00   34880.00   38538.00   42180.00   49229.00   56341.00   63358.00   77465.00   91435.00  105402.00  126181.00  147163.00  168054.00  192548.00 
  20037.00   20965.00   22203.00   23250.00   25515.00   27499.00   29353.00   31172.00   33052.00   34883.00   38537.00   42181.00   49227.00   56341.00   63358.00   77468.00   91438.00  105404.00  126182.00  147161.00  168050.00  192547.00 
  20035.00   20963.00   22203.00   23250.00   25519.00   27503.00   29357.00   31174.00   33055.00   34885.00   38537.00   42183.00   49226.00   56341.00   63358.00   77470.00   91440.00  105406.00  126183.00  147160.00  168046.00  192546.00 
  20033.00   20961.00   22203.00   23251.00   25523.00   27508.00   29360.00   31177.00   33058.00   34888.00   38536.00   42184.00   49224.00   56341.00   63358.00   77473.00   91443.00  105408.00  126184.00  147158.00  168042.00  192545.00 
  20031.00   20959.00   22203.00   23251.00   25527.00   27512.00   29364.00   31179.00   33061.00   34890.00   38536.00   42186.00   49223.00   56341.00   63358.00   77475.00   91445.00  105410.00  126184.00  147157.00  168038.00  192544.00 
  20029.00   20957.00   22203.00   23252.00   25531.00   27517.00   29367.00   31182.00   33064.00   34893.00   38535.00   42187.00   49221.00   56341.00   63358.00   77478.00   91448.00  105412.00  126183.00  147155.00  168034.00  192543.00 
  20027.00   20955.00   22203.00   23252.00   25535.00   27521.00   29371.00   31184.00   33067.00   34895.00   38535.00   42189.00   49220.00   56341.00   63358.00   77480.00   91450.00  105414.00  126181.00  147154.00  168030.00  192542.00 
  20025.00   20953.00   22203.00   23253.00   25539.00   27526.00   29374.00   31187.00   33070.00   34898.00   38534.00   42190.00   49218.00   56341.00   63358.00   77483.00   91453.00  105416.00  126177.00  147152.00  168026.00  192541.00 
  20023.00   20951.00   22203.00   23253.00   25543.00   27530.00   29378.00   31189.00   33073.00   34900.00   38534.00   42192.00   49217.00   56341.00   63358.00   77485.00   91455.00  105418.00  126173.00  147151.00  168022.00  192540.00 
  20021.00   20949.00   22203.00   23254.00   25547.00   27535.00   29381.00   31192.00   33076.00   34903.00   38533.00   42193.00   49215.00   56341.00   63358.00   77488.00   91458.00  105420.00  126170.00  147149.00  168018.00  192539.00 
  20019.00   20947.00   22203.00   23254.00   25551.00   27539.00   29385.00   31194.00   33079.00   34905.00   38533.00   42195.00   49214.00   56341.00   63358.00   77490.00   91460.00  105422.00  126167.00  147148.00  168014.00  192538.00 
  20017.00   20945.00   22203.00   23255.00   25555.00   27544.00   29388.00   31197.00   33082.00   34908.00   38532.00   42196.00   49212.00   56341.00   63358.00   77493.00   91463.00  105424.00  126164.00  147146.00  168010.00  192537.00 
  20015.00   20943.00   22203.00   23255.00   25559.00   27548.00   29392.00   31199.00   33085.00   34910.00   38532.00   42198.00   49211.00   56341.00   63358.00   77495.00   91465.00  105426.00  126161.00  147145.00  168006.00  192536.00 
  20013.00   20941.00   22203.00   23256.00   25563.00   27553.00   29395.00   31202.00   33088.00   34913.00   38531.00   42199.00   49209.00   56341.00   63358.00   77498.00   91468.00  105428.00  126158.00  147143.00  168002.00  192535.00 
  20011.00   20939.00   22203.00   23256.00   25567.00   27557.00   29399.00   31204.00   33091.00   34915.00   38531.00   42201.00   49208.00   56341.00   63358.00   77500.00   91470.00  105430.00  126155.00  147142.00  167998.00  192534.00 
  20009.00   20937.00   22203.00   23257.00   25571.00   27562.00   29402.00   31207.00   33094.00   34918.00   38530.00   42202.00   49206.00   56341.00   63358.00   77503.00   91473.00  105432.00  126154.00  147140.00  167994.00  192533.00 
  20007.00   20935.00   22203.00   23257.00   25575.00   27566.00   29406.00   31209.00   33097.00   34920.00   38530.00   42204.00   49205.00   56341.00   63358.00   77505.00   91475.00  105434.00  126153.00  147139.00  167990.00  192532.00 
  20005.00   20933.00   22203.00   23258.00   25579.00   27571.00   29409.00   31212.00   33100.00   34923.00   38529.00   42205.00   49203.00   56341.00   63358.00   77508.00   91478.00  105436.00  126153.00  147137.00  167986.00  192531.00 
  20003.00   20931.00   22203.00   23258.00   25583.00   27575.00   29413.00   31214.00   33103.00   34925.00   38529.00   42207.00   49202.00   56341.00   63358.00   77510.00   91480.00  105438.00  126152.00  147136.00  167982.00  192530.00 
  20001.00   20929.00   22203.00   23259.00   25587.00   27580.00   29416.00   31217.00   33106.00   34928.00   38528.00   42208.00   49200.00   56341.00   63358.00   77513.00   91483.00  105440.00  126149.00  147134.00  167978.00  192529.00 
  19999.00   20927.00   22203.00   23259.00   25591.00   27584.00   29420.00   31219.00   33109.00   34930.00   38528.00   42210.00   49199.00   56341.00   63358.00   77515.00   91485.00  105442.00  126147.00  147133.00  167974.00  192528.00 
  19997.00   20925.00   22203.00   23260.00   25595.00   27589.00   29423.00   31222.00   33112.00   34933.00   38527.00   42211.00   49197.00   56341.00   63358.00   77518.00   91488.00  105444.00  126146.00  147131.00  167970.00  192527.00 
  19995.00   20923.00   22203.00   23260.00   25599.00   27593.00   29427.00   31224.00   33115.00   34935.00   38527.00   42213.00   49196.00   56341.00   63358.00   77520.00   91490.00  105446.00  126144.00  147130.00  167966.00  192526.00 
  19993.00   20921.00   22203.00   23261.00   25603.00   27598.00   29430.00   31227.00   33118.00   34938.00   38526.00   42214.00   49194.00   56341.00   63358.00   77523.00   91493.00  105448.00  126143.00  147128.00  167962.00  192525.00 
  19991.00   20919.00   22203.00   23261.00   25607.00   27602.00   29434.00   31229.00   33121.00   34940.00   38526.00   42216.00   49193.00   56341.00   63358.00   77525.00   91495.00  105450.00  126142.00  147127.00  167958.00  192524.00 
  19989.00   20917.00   22203.00   23262.00   25611.00   27607.00   29437.00   31232.00   33124.00   34943.00   38525.00   42217.00   49191.00   56341.00   63358.00   77528.00   91498.00  105452.00  126140.00  147125.00  167954.00  192523.00 
  19987.00   20915.00   22203.00   23262.00   25615.00   27611.00   29441.00   31234.00   33127.00   34945.00   38525.00   42219.00   49190.00   56341.00   63358.00   77530.00   91500.00  105454.00  126138.00  147124.00  167950.00  192522.00 
  19985.00   20913.00   22203.00   23263.00   25619.00   27616.00   29444.00   31237.00   33130.00   34948.00   38524.00   42220.00   49188.00   56341.00   63358.00   77533.00   91503.00  105456.00  126137.00  147122.00  167946.00  192521.00 
  19983.00   20911.00   22203.00   23263.00   25623.00   27620.00   29448.00   31239.00   33133.00   34950.00   38524.00   42222.00   49187.00   56341.00   63358.00   77535.00   91505.00  105458.00  126135.00  147121.00  167942.00  192520.00 
  19981.00   20909.00   22203.00   23264.00   25627.00   27625.00   29451.00   31242.00   33136.00   34953.00   38523.00   42223.00   49185.00   56341.00   63358.00   77538.00   91508.00  105460.00  126134.00  147119.00  167938.00  192519.00 
  19979.00   20907.00   22203.00   23264.00   25631.00   27629.00   29455.00   31244.00   33139.00   34955.00   38523.00   42225.00   49184.00   56341.00   63358.00   77540.00   91510.00  105462.00  126132.00  147118.00  167934.00  192518.00 
  19977.00   20905.00   22203.00   23265.00   25635.00   27634.00   29458.00   31247.00   33142.00   34958.00   38522.00   42226.00   49182.00   56341.00   63358.00   77543.00   91513.00  105464.00  126131.00  147116.00  167930.00  192517.00 
  19975.00   20903.00   22203.00   23265.00   25639.00   27638.00   29462.00   31249.00   33145.00   34960.00   38522.00   42228.00   49181.00   56341.00   63358.00   77545.00   91515.00  105466.00  126129.00  147115.00  167926.00  192516.00 
  19973.00   20901.00   22203.00   23266.00   25643.00   27643.00   29465.00   31252.00   33148.00   34963.00   38521.00   42229.00   49179.00   56341.00   63358.00   77548.00   91518.00  105468.00  126128.00  147113.00  167922.00  192515.00 
  19971.00   20899.00   22203.00   23266.00   25647.00   27647.00   29469.00   31254.00   33151.00   34965.00   38521.00   42231.00   49178.00   56341.00   63358.00   77550.00   91520.00  105470.00  126126.00  147112.00  167918.00  192514.00 
  19969.00   20897.00   22203.00   23267.00   25651.00   27652.00   29472.00   31257.00   33154.00   34968.00   38520.00   42232.00   49176.00   56341.00   63358.00   77553.00   91523.00  105472.00  126125.00  147110.00  167914.00  192513.00 
  19967.00   20895.00   22203.00   23267.00   25655.00   27656.00   29476.00   31259.00   33157.00   34970.00   38520.00   42234.00   49175.00   56341.00   63358.00   77555.00   91525.00  105474.00  126123.00  147109.00  167910.00  192512.00 
  19965.00   20893.00   22203.00   23268.00   25659.00   27661.00   29479.00   31262.00   33160.00   34973.00   38519.00   42235.00   49173.00   56341.00   63358.00   77558.00   91528.00  105476.00  126122.00  147107.00  167906.00  192511.00 
  19963.00   20891.00   22203.00   23268.00   25663.00   27665.00   29483.00   31264.00   33163.00   34975.00   38519.00   42237.00   49172.00   56341.00   63358.00   77560.00   91530.00  105478.00  126120.00  147106.00  167902.00  192510.00 
  19961.00   20889.00   22203.00   23269.00   25667.00   27670.00   29486.00   31267.00   33166.00   34978.00   38518.00   42238.00   49170.00   56341.00   63358.00   77563.00   91533.00  105480.00  126119.00  147104.00  167898.00  192509.00 
  19959.00   20887.00   22203.00   23269.00   25671.00   27674.00   29490.00   31269.00   33169.00   34980.00   38518.00   42240.00   49169.00   56341.00   63358.00   77565.00   91535.00  105482.00  126117.00  147103.00  167894.00  192508.00 
  19957.00   20885.00   22203.00   23270.00   25675.00   27679.00   29493.00   31272.00   33172.00   34983.00   38517.00   42241.00   49167.00   56341.00   63358.00   77568.00   91538.00  105484.00  126116.00  147101.00  167890.00  192507.00 
  19955.00   20883.00   22203.00   23270.00   25679.00   27683.00   29497.00   31274.00   33175.00   34985.00   38517.00   42243.00   49166.00   56341.00   63358.00   77570.00   91540.00  105486.00  126114.00  147100.00  167886.00  192506.00 
  19953.00   20881.00   22203.00   23271.00   25683.00   27688.00   29500.00   31277.00   33178.00   34988.00   38516.00   42244.00   49164.00   56341.00   63358.00   77573.00   91543.00  105488.00  126113.00  147098.00  167882.00  192505.00 
  19951.00   20879.00   22203.00   23271.00   25687.00   27692.00   29504.00   31279.00   33181.00   34990.00   38516.00   42246.00   49163.00   56341.00   63358.00   77575.00   91545.00  105490.00  126111.00  147097.00  167878.00  192504.00 
  19949.00   20877.00   22203.00   23272.00   25691.00   27697.00   29507.00   31282.00   33184.00   34993.00   38515.00   42247.00   49161.00   56341.00   63358.00   77578.00   91548.00  105492.00  126110.00  147095.00  167874.00  192503.00 
  19947.00   20875.00   22203.00   23272.00   25695.00   27701.00   29511.00   31284.00   33187.00   34995.00   38515.00   42249.00   49160.00   56341.00   63358.00   77580.00   91550.00  105494.00  126108.00  147094.00  167870.00  192502.00 
  19945.00   20873.00   22203.00   23273.00   25699.00   27706.00   29514.00   31287.00   33190.00   34998.00   38514.00   42250.00   49158.00   56341.00   63358.00   77583.00   91553.00  105496.00  126107.00  147092.00  167866.00  192501.00 
  19943.00   20871.00   22203.00   23273.00   25703.00   27710.00   29518.00   31289.00   33193.00   35000.00   38514.00   42252.00   49157.00   56341.00   63358.00   77585.00   91555.00  105498.00  126105.00  147091.00  167862.00  192500.00 
  19941.00   20869.00   22203.00   23274.00   25707.00   27715.00   29521.00   31292.00   33196.00   35003.00   38513.00   42253.00   49155.00   56341.00   63358.00   77588.00   91558.00  105500.00  126104.00  147089.00  167858.00  192499.00 
-1.510000
