[Boards]
AcquisitionCycleCount=139
BoardDelay_0=0.650 us 
BoardDelay_1=0.650 us
BoardCorrection_0=0.000 us
BoardCorrection_1=0.000 us
CalibrationTimeMs=718
[Elements]
Element_0=0.649 us 
Element_1=0.649 us
Element_2=0.646 us
Element_3=0.649 us
Element_4=0.649 us
Element_5=0.650 us
Element_6=0.647 us
Element_7=0.650 us
Element_8=0.649 us
Element_9=0.650 us
Element_10=0.649 us
Element_11=0.650 us
Element_12=0.652 us
Element_13=0.652 us
Element_14=0.649 us
Element_15=0.649 us
[Signal]
Element_0=3;0;0;0;0;1;0;1;1;1;1;2;2;3;3;3;3;3;3;4;4;3;4;5;5;5;4;5;6;6;6;6;6;7;6;6;6;6;6;6;7;6;6;6;7;6;6;10;9;5;4;8;7;3;3;8;9;1;0;10;13;-1;-5;13;8;-74;-128;-128;-128;-128;-128;-128;-128;-128;-128;-128;-128;-115;-103;-124;-85;88;127;127;127;127;127;127;127;127;97;76;53;28;15;9;0;-12;-15;-15;-18;-24;-25;-22;-22;-23;-22;-20;-20;-21;-20;-19;-17;-17;-17;-17;-15;-14;-12;-12;-12;-11;-10;-9;-9;-7;-7;-7;-7;-7;-6;-5;-5;-5;-5;-5;-3;-2;-2;-3;-3;-2;-1;-2;-2;-2;0;0;0;-1;0;0;0;1;1;1;1;1;1;2;1;1;0;1;1;0;0;0;0;0;0;0;0;0;0;0;0;0;1;0;0;1;1;1;1;0;-1;0;0;0;0;1;0;0;0;0;1;0;-1;-1;0;
Element_1=1;-1;-1;0;0;0;0;0;0;1;1;1;1;2;2;3;3;3;4;3;3;4;4;3;3;3;4;4;3;3;5;5;6;6;6;6;6;5;5;6;6;5;5;6;7;5;5;7;7;3;3;6;6;3;2;8;8;1;1;10;11;-2;-6;11;5;-75;-128;-128;-128;-128;-128;-128;-128;-128;-128;-128;-128;-115;-101;-128;-102;74;127;127;127;127;127;127;127;127;94;74;50;22;8;6;-2;-14;-17;-15;-18;-24;-25;-22;-22;-24;-23;-21;-20;-22;-20;-19;-18;-19;-18;-17;-15;-15;-14;-13;-12;-11;-11;-10;-10;-9;-9;-8;-7;-7;-6;-5;-6;-5;-5;-4;-4;-5;-5;-4;-4;-4;-4;-4;-2;-2;-3;-4;-2;0;1;0;0;0;1;1;0;-1;0;0;1;0;0;0;0;0;0;0;0;-1;-1;0;0;0;0;0;0;-1;-1;0;0;0;0;0;0;0;0;0;0;-1;-1;-1;-1;-1;-1;-2;-1;0;-1;-2;-2;
Element_2=0;0;0;0;0;1;1;1;1;1;1;2;2;3;3;3;3;4;4;5;5;4;4;5;5;5;5;5;6;6;5;5;5;6;6;6;6;6;6;6;6;5;5;7;7;5;5;7;8;6;5;6;6;3;4;8;8;3;2;9;10;-1;-4;7;-10;-94;-128;-128;-128;-128;-128;-128;-128;-128;-128;-128;-128;-117;-109;-121;-64;122;127;127;127;127;127;127;127;127;101;80;56;30;16;10;-1;-14;-20;-19;-22;-27;-27;-24;-26;-29;-29;-25;-24;-25;-24;-22;-21;-20;-19;-19;-17;-16;-15;-14;-14;-12;-12;-10;-10;-9;-9;-9;-8;-7;-8;-7;-6;-5;-5;-4;-4;-4;-4;-4;-4;-4;-3;-2;-2;-2;-2;-1;0;1;1;1;1;0;0;1;1;0;1;1;1;1;0;0;1;1;1;1;0;1;1;0;0;-1;0;0;0;0;0;0;0;0;0;1;1;1;0;0;0;0;0;0;0;0;0;0;1;0;0;-1;-1;
Element_3=1;0;0;0;0;1;1;1;1;1;1;2;2;3;3;3;3;4;4;3;3;4;4;5;5;4;4;5;5;5;5;5;5;5;5;6;6;5;5;6;6;5;5;6;6;3;3;6;7;3;3;6;6;2;1;7;7;1;0;10;11;-2;-7;10;6;-69;-128;-128;-128;-128;-128;-128;-128;-128;-128;-128;-128;-110;-102;-116;-65;110;127;127;127;127;127;127;127;127;91;70;45;19;6;2;-7;-18;-20;-18;-20;-25;-27;-24;-24;-26;-26;-23;-21;-22;-21;-19;-18;-19;-18;-17;-15;-15;-15;-14;-12;-11;-11;-10;-9;-8;-7;-8;-7;-7;-7;-6;-5;-5;-4;-5;-4;-4;-2;-3;-4;-3;-2;-1;-2;-2;-2;-2;0;0;1;1;1;1;1;1;1;0;0;1;1;1;0;0;0;1;0;1;1;1;0;-1;-1;1;1;1;0;-1;-1;0;-1;0;0;0;0;0;0;0;0;-1;-1;0;0;0;-1;-2;-1;0;0;0;0;
Element_4=1;-1;-1;0;0;0;0;1;0;1;1;1;1;2;3;3;4;3;3;4;4;3;3;4;5;4;3;4;5;5;5;4;5;5;5;6;6;5;3;5;7;6;6;7;7;5;4;6;7;4;3;6;6;3;2;8;8;1;0;10;12;-2;-7;10;6;-73;-128;-128;-128;-128;-128;-128;-128;-128;-128;-128;-128;-115;-101;-127;-100;66;127;127;127;127;127;127;127;127;99;79;56;30;15;10;1;-12;-17;-15;-18;-23;-24;-22;-23;-25;-24;-22;-22;-23;-22;-20;-19;-18;-17;-17;-17;-15;-14;-13;-13;-13;-12;-10;-9;-9;-9;-9;-8;-7;-7;-7;-7;-6;-5;-4;-4;-4;-4;-4;-4;-3;-3;-4;-3;-2;-2;-2;-2;-1;0;0;0;0;0;1;0;0;0;0;1;0;0;0;0;-1;-1;0;0;0;-1;0;0;0;-1;-2;-2;-2;-2;-2;-1;0;0;-1;-2;-1;-1;0;0;-1;-1;-1;-1;0;-1;-2;-2;-1;0;0;0;
Element_5=4;1;1;2;2;3;2;3;3;3;3;4;4;5;5;5;5;6;6;5;5;6;6;5;5;6;6;6;7;6;6;5;6;7;8;8;7;7;8;9;9;8;8;9;8;6;6;9;9;5;4;8;8;3;3;10;10;2;1;11;15;0;-6;15;15;-64;-128;-128;-128;-128;-128;-128;-128;-128;-128;-128;-128;-112;-100;-118;-75;95;127;127;127;127;127;127;127;127;91;71;48;23;11;8;0;-11;-15;-14;-16;-21;-22;-20;-19;-20;-19;-19;-19;-19;-18;-16;-16;-17;-15;-14;-14;-12;-12;-10;-10;-10;-9;-9;-7;-7;-7;-6;-5;-4;-3;-4;-5;-4;-3;-2;-2;-2;-2;-1;-1;-2;-2;-2;-2;-1;0;0;1;1;2;1;1;1;2;3;2;3;3;3;2;1;1;1;1;2;3;2;1;1;2;2;1;1;1;1;1;1;1;1;1;1;1;2;2;1;1;1;1;1;1;1;1;0;0;0;0;1;1;0;0;
Element_6=4;0;0;0;0;0;0;1;1;1;1;2;2;3;3;3;3;3;3;4;4;3;3;4;5;5;5;5;5;6;5;5;5;6;5;5;5;5;6;8;7;5;5;7;8;6;5;6;6;5;5;7;6;2;1;6;7;2;1;9;9;-2;-4;8;-7;-91;-128;-128;-128;-128;-128;-128;-128;-128;-128;-128;-128;-114;-107;-116;-55;127;127;127;127;127;127;127;127;127;100;78;55;29;14;8;-2;-14;-19;-19;-23;-29;-29;-26;-25;-27;-27;-25;-25;-25;-24;-22;-22;-21;-20;-19;-19;-18;-17;-15;-14;-13;-12;-12;-11;-10;-9;-9;-9;-8;-7;-6;-6;-5;-5;-5;-5;-5;-5;-4;-3;-4;-3;-2;-2;-2;-2;-1;0;1;1;0;0;0;0;1;1;0;1;1;2;1;0;1;1;1;0;0;0;0;0;1;1;0;-1;-1;0;0;0;0;0;0;0;-1;-1;0;0;0;0;0;-1;-2;0;0;1;0;0;-1;-1;-2;-2;
Element_7=1;-2;-2;-1;-1;-1;-1;0;0;0;0;1;1;1;2;3;3;3;3;3;3;3;2;3;3;3;3;3;4;4;4;3;3;3;3;4;5;5;4;5;6;5;5;6;6;4;3;6;7;3;3;6;6;2;1;6;6;-2;-2;9;11;-4;-10;11;13;-65;-128;-128;-128;-128;-128;-128;-128;-128;-128;-128;-128;-117;-106;-125;-80;101;127;127;127;127;127;127;127;127;93;73;48;22;8;5;-4;-15;-19;-17;-20;-25;-26;-23;-22;-25;-25;-24;-22;-22;-21;-19;-19;-20;-20;-19;-16;-15;-15;-15;-13;-11;-10;-11;-11;-10;-9;-9;-9;-9;-8;-7;-8;-7;-7;-6;-6;-5;-5;-4;-4;-4;-4;-4;-4;-3;-2;-2;-1;0;0;-1;-1;-1;0;0;0;0;0;1;1;0;0;0;0;0;0;-1;-1;-1;-1;0;0;-1;-1;-1;-1;-1;-1;-2;-2;-1;-1;-2;-2;-2;-2;-2;-3;-2;-2;-2;-2;-1;-1;-2;-2;-2;-2;-2;-2;
Element_8=0;0;0;0;0;0;0;1;1;1;1;2;2;3;3;3;3;4;4;3;4;5;5;5;4;5;5;5;5;4;4;5;5;5;5;6;6;5;5;5;5;5;5;7;7;5;5;7;7;3;2;6;6;2;1;7;7;1;0;8;10;-2;-6;10;5;-73;-128;-128;-128;-128;-128;-128;-128;-128;-128;-128;-128;-115;-100;-128;-105;58;127;127;127;127;127;127;127;127;110;88;63;35;18;11;1;-12;-17;-16;-20;-26;-27;-24;-24;-27;-27;-25;-24;-24;-22;-22;-22;-21;-19;-18;-17;-17;-15;-14;-14;-13;-12;-12;-11;-10;-10;-9;-9;-8;-7;-6;-6;-7;-6;-5;-5;-5;-5;-5;-4;-4;-4;-3;-3;-2;-2;-2;-2;-1;0;0;0;1;1;1;0;0;1;1;0;0;0;1;0;0;0;0;0;-1;-1;0;0;0;0;0;0;0;0;0;0;0;-1;-2;-2;-1;-1;-1;-1;-2;-2;-2;-2;-1;-1;-1;-1;-2;-2;-2;-2;
Element_9=0;-1;-1;0;0;0;0;0;0;1;1;1;1;2;2;3;3;4;4;3;3;4;4;4;4;5;5;4;5;5;6;5;5;5;6;6;6;5;6;8;7;5;4;6;6;5;5;8;8;5;5;8;8;3;2;8;8;1;0;10;12;-2;-7;12;11;-67;-128;-128;-128;-128;-128;-128;-128;-128;-128;-128;-128;-116;-100;-128;-120;50;127;127;127;127;127;127;127;127;98;78;53;26;13;11;2;-10;-15;-14;-16;-22;-23;-20;-20;-23;-22;-20;-20;-21;-20;-18;-17;-17;-17;-17;-15;-14;-14;-14;-13;-12;-10;-9;-9;-8;-8;-8;-8;-7;-6;-5;-5;-5;-6;-5;-5;-4;-4;-5;-4;-4;-2;-2;-2;-3;-3;-2;-2;-2;-2;-1;0;1;1;0;0;0;0;0;0;1;0;0;-1;-1;-1;0;0;0;0;0;-1;0;0;0;0;-1;-1;0;0;-1;-1;0;0;0;0;-1;-2;-2;-2;-1;-1;-2;-1;0;0;0;0;0;0;
Element_10=1;0;0;1;1;1;1;1;1;2;2;3;3;3;3;4;4;5;5;5;5;4;4;5;5;5;5;5;5;6;6;6;6;6;7;8;7;6;5;6;7;6;6;8;8;5;5;7;8;5;5;8;7;3;4;10;8;1;0;11;13;-1;-6;11;7;-72;-128;-128;-128;-128;-128;-128;-128;-128;-128;-128;-128;-114;-104;-124;-83;91;127;127;127;127;127;127;127;127;110;87;61;33;17;11;0;-12;-17;-17;-20;-25;-27;-25;-25;-28;-27;-24;-24;-24;-24;-22;-20;-20;-19;-18;-17;-17;-15;-14;-13;-13;-12;-12;-10;-9;-8;-9;-9;-8;-7;-5;-5;-5;-5;-5;-4;-4;-4;-4;-3;-2;-2;-2;-2;-1;0;0;0;0;0;0;1;1;3;2;1;1;2;3;2;1;1;1;0;1;1;1;1;0;1;1;1;0;0;1;1;1;1;0;0;0;0;0;1;1;1;0;0;0;0;1;1;0;0;0;0;0;0;1;1;
Element_11=2;-1;-1;0;0;0;0;0;0;1;1;1;1;2;2;3;3;3;3;3;3;4;4;3;3;4;5;5;5;4;5;5;6;5;5;5;6;6;6;6;6;5;5;7;6;4;5;8;9;5;3;7;6;2;2;8;8;0;-1;10;13;-3;-8;13;15;-62;-128;-128;-128;-128;-128;-128;-128;-128;-128;-128;-128;-114;-100;-128;-101;70;127;127;127;127;127;127;127;127;93;73;50;24;11;7;-1;-12;-16;-14;-17;-22;-22;-20;-21;-24;-23;-20;-20;-21;-20;-18;-17;-17;-17;-17;-15;-14;-14;-13;-12;-11;-10;-9;-9;-9;-8;-7;-7;-7;-6;-6;-6;-6;-5;-4;-4;-5;-5;-4;-3;-4;-4;-3;-2;-2;-3;-2;0;0;-1;-1;0;1;0;0;0;1;1;0;0;1;1;1;0;0;0;-1;-1;0;0;1;0;-1;-2;-1;0;0;-1;-1;0;0;0;0;-1;-1;-1;0;0;0;0;0;0;-1;-1;-1;-1;0;0;-1;-2;
Element_12=1;-1;0;0;0;0;0;1;1;1;1;2;2;3;3;3;3;3;3;4;4;3;3;4;5;5;5;5;5;6;6;6;6;5;5;6;8;7;6;6;7;5;5;6;8;6;6;8;8;4;4;8;8;3;3;10;10;1;-1;11;13;-2;-9;14;21;-52;-128;-128;-128;-128;-128;-128;-128;-128;-128;-128;-128;-112;-98;-122;-100;51;127;127;127;127;127;127;127;127;94;75;54;30;15;10;3;-7;-12;-12;-14;-18;-18;-17;-18;-20;-19;-18;-18;-19;-18;-17;-15;-15;-14;-15;-15;-14;-12;-11;-10;-10;-9;-9;-9;-9;-7;-6;-5;-5;-5;-4;-4;-5;-5;-4;-4;-4;-4;-4;-3;-3;-3;-2;-1;0;-1;-2;-1;0;0;1;1;0;0;1;1;1;1;1;1;1;1;1;1;1;0;0;0;1;1;0;0;0;0;0;0;1;1;0;0;0;0;-1;-1;0;0;0;0;0;0;0;0;0;0;0;0;0;1;0;0;
Element_13=1;0;0;1;1;1;1;1;1;2;2;3;3;3;3;4;4;4;4;5;5;4;4;5;5;5;5;5;5;6;6;6;6;6;6;6;7;7;7;8;8;6;6;7;8;6;6;8;8;3;4;8;8;4;3;9;8;1;0;12;14;-2;-9;14;20;-52;-128;-128;-128;-128;-128;-128;-128;-128;-128;-128;-128;-112;-98;-126;-106;46;127;127;127;127;127;127;127;127;103;80;55;28;13;8;0;-10;-14;-13;-16;-21;-22;-20;-21;-23;-22;-20;-20;-20;-19;-17;-17;-16;-15;-15;-14;-13;-12;-12;-11;-10;-9;-9;-9;-9;-8;-7;-6;-5;-5;-4;-4;-5;-5;-5;-4;-3;-3;-3;-2;-2;-2;-2;-2;-2;-1;0;0;0;1;1;2;1;1;1;1;2;2;1;1;1;2;1;1;0;1;1;1;1;1;0;0;1;1;1;1;0;0;0;1;1;1;0;0;1;1;0;0;1;1;0;0;1;1;1;0;0;0;1;1;
Element_14=2;0;0;0;0;0;0;1;1;1;1;2;2;3;3;3;3;3;3;4;4;3;3;4;5;5;5;4;5;5;5;5;5;5;5;6;6;6;5;5;5;5;6;7;6;5;5;7;6;3;3;7;6;1;1;7;7;0;-1;9;11;-2;-8;9;4;-75;-128;-128;-128;-128;-128;-128;-128;-128;-128;-128;-128;-116;-105;-123;-79;96;127;127;127;127;127;127;127;127;103;83;59;33;17;10;0;-12;-17;-16;-20;-27;-27;-24;-25;-27;-27;-25;-25;-25;-24;-21;-20;-21;-20;-19;-17;-16;-15;-15;-14;-14;-12;-10;-10;-10;-10;-9;-8;-7;-7;-7;-7;-6;-5;-6;-6;-5;-4;-4;-3;-4;-4;-3;-2;-2;-2;-2;-1;0;0;0;-1;0;0;1;1;1;1;0;0;0;0;0;1;1;1;0;0;0;0;0;0;0;0;-1;-1;-1;-1;0;0;-1;-1;0;1;0;-1;-2;0;0;0;-1;-1;0;0;0;-1;0;0;0;-1;
Element_15=2;1;1;1;1;1;1;2;2;3;3;3;3;4;4;5;5;5;5;5;5;5;5;5;5;5;6;6;6;5;5;5;6;6;5;5;6;6;7;7;6;5;5;6;5;4;5;8;8;3;3;6;6;3;3;8;8;0;0;10;11;-2;-7;10;6;-70;-128;-128;-128;-128;-128;-128;-128;-128;-128;-128;-128;-114;-109;-113;-50;126;127;127;127;127;127;127;127;127;96;73;48;23;9;4;-5;-15;-19;-18;-20;-25;-25;-24;-24;-26;-25;-22;-22;-23;-22;-20;-18;-18;-18;-18;-16;-15;-14;-14;-12;-11;-10;-9;-9;-8;-7;-7;-7;-7;-7;-6;-5;-5;-4;-4;-3;-3;-3;-3;-2;-2;-1;0;-1;-2;-1;0;1;1;1;1;2;1;1;0;1;1;1;1;1;1;1;1;1;2;1;1;0;1;1;1;1;0;0;1;1;1;1;0;0;0;0;1;1;1;1;0;0;0;0;0;0;1;0;0;-1;0;0;0;-1;
